0 0 0 3 0 0 0 0 0 3 5 5 3 0 0 0 0 0 3 0 
3 3 3 3 3 3 3 3 3 3 5 5 3 3 3 3 3 3 3 3
3 0 4 6 6 6 6 6 6 6 6 6 6 6 6 6 6 6 0 3
3 0 6 6 6 6 6 6 6 6 6 6 6 6 6 6 6 6 0 3
3 0 4 6 6 6 6 6 6 6 6 6 6 6 6 6 6 6 0 3
3 0 4 6 6 6 6 6 6 6 6 6 6 6 6 6 6 6 0 3
3 0 6 6 6 6 6 6 6 6 6 6 6 6 6 6 6 6 0 3
3 0 6 6 6 6 6 6 6 6 6 6 6 6 6 6 6 6 0 3
3 0 4 6 6 6 6 6 6 4 4 4 4 4 4 4 6 6 0 3
3 0 6 6 6 6 6 6 6 6 6 6 6 6 6 6 6 6 0 3
3 0 0 0 6 6 6 6 4 4 0 0 0 0 0 0 6 6 0 3
3 0 0 0 6 6 6 6 4 4 0 0 0 0 0 0 6 6 0 3
3 0 6 6 6 6 6 6 6 6 6 6 6 6 6 6 6 6 0 3
3 0 6 6 6 6 6 6 6 6 6 6 6 6 6 6 6 6 0 3
3 0 0 0 8 10 10 12 4 4 4 4 4 4 4 4 4 4 0 3
3 0 0 0 9 1 1 11 4 4 4 4 4 4 4 4 4 4 0 3
3 0 0 0 9 1 1 11 4 4 4 4 4 4 4 4 4 4 0 3
3 3 0 0 9 1 1 11 3 3 3 3 3 3 3 3 3 3 3 3 3

0 = pasto
1 = agua
2 = ladrillo
3 = alambrado
4 = pasto_2
5 = pasto_alto
6 = suelo
7 = cartel
8 = esquina superior izquierda - agua
9 = izquierda - agua
10 = arriba - agua